ProgF612_FriendNumbers
=================================
Brute Force
=============Zero Digits==============
1 3 7 15 31 63 127 255 511 1023 2047 4095 8191 16383 32767 65535 131071 
0 4 24 100 360 1204 3864 12100 37320 114004 346104 1046500 3155880 9500404 28566744 85831300 257756040 
0 0 18 180 1170 6300 30618 139860 613890 2623500 11007018 45585540 187051410 762407100 3092380218 12498071220 50378525730 
0 0 0 96 1440 13440 100800 667296 4082400 23686080 132422400 720816096 3847203360 20233624320 105234292800 542664158496 2779977172320 
0 0 0 0 600 12600 159600 1587600 13696200 107692200 794191200 5592787200 38061823800 252415963800 1640955934800 10503449938800 66412350623400 
0 0 0 0 0 4320 120960 1995840 25401600 276423840 2710350720 24690631680 213102489600 1765762558560 14177732849280 111059012675520 853037928288000 
0 0 0 0 0 0 35280 1270080 26460000 419126400 5610472560 67018311360 737786649600 7642630195200 75561435789840 720276304587840 6669192373552800 
0 0 0 0 0 0 0 322560 14515200 372556800 7185024000 115960965120 1656387532800 21652965734400 264752167680000 3073616922055680 34247935654732800 
=========================
===========Non Zero Digits==============
1 1 1 1 1 1 1 1 1 1 1 1 1 1 1 1 1 1 
0 2 6 14 30 62 126 254 510 1022 2046 4094 8190 16382 32766 65534 131070 262142 
0 0 6 36 150 540 1806 5796 18150 55980 171006 519156 1569750 4733820 14250606 42850116 128746950 386634060 
0 0 0 24 240 1560 8400 40824 186480 818520 3498000 14676024 60780720 249401880 1016542800 4123173624 16664094960 67171367640 
0 0 0 0 120 1800 16800 126000 834120 5103000 29607600 165528000 901020120 4809004200 25292030400 131542866000 678330198120 3474971465400 
0 0 0 0 0 720 15120 191520 1905120 16435440 129230640 953029440 6711344640 45674188560 302899156560 1969147121760 12604139926560 79694820748080 
0 0 0 0 0 0 5040 141120 2328480 29635200 322494480 3162075840 28805736960 248619571200 2060056318320 16540688324160 129568848121440 995210916336000 
0 0 0 0 0 0 0 40320 1451520 30240000 479001600 6411968640 76592355840 843184742400 8734434508800 86355926616960 823172919528960 7621934141203200 
0 0 0 0 0 0 0 0 362880 16329600 419126400 8083152000 130456085760 1863435974400 24359586451200 297846188640000 3457819037312640 38528927611574400 
=========================
============With Common Digits=============
1 19 271 3439 40951 468559 5217031 56953279 612579511 6513215599 68618940391 717570463519 7458134171671 77123207545039 794108867905351 8146979811148159 83322818300333431 849905364703000879 
0 2 54 974 14670 199262 2531214 30683774 359376750 4100173022 45827815374 503860403774 5466024157230 58644461601182 623402107899534 6575434599006974 68897436414352110 717825127915483742 
0 0 6 204 4350 74460 1119006 15426684 200038110 2478397020 29649298206 345028533564 3926780946270 43885539095580 483132158472606 5252131433006844 56491223828068830 602130876039538140 
0 0 0 24 960 23160 436800 7096824 104287680 1425878520 18468859200 229410348024 2756576222400 32246581119480 369021643099200 4146658492485624 45888476686941120 501295755433922040 
0 0 0 0 120 5400 142800 2898000 49974120 771309000 10985937600 147273984000 1883421660120 23199989412600 277232852660400 3231272478798000 36889654856418120 413890657716796200 
0 0 0 0 0 720 35280 997920 21379680 385363440 6169307760 90592856640 1246015330560 16284591282960 204338301607440 2480750322392160 29310636162356640 338580473787935280 
0 0 0 0 0 0 5040 262080 7771680 172972800 3216462480 52834541760 792653621760 11100068179200 147292343518320 1872245141807040 22981987682166240 274120416182995200 
0 0 0 0 0 0 0 40320 2177280 66528000 1516838400 28765376640 480207087360 7301643148800 103403831731200 1385146411608960 17748253957674240 219352409372678400 
0 0 0 0 0 0 0 0 362880 19958400 618710400 14270256000 273158645760 4595022432000 70309810771200 1000944296352000 13467262000832640 173201547619900800 
=========================
36585 = 36585
36585
2
71739
3
3
105477
4
4
137814
5
5
168765
6
6
198345
7
7
226569
8
8
253452
9
9
279009
279009
16110
1002
1012
1020
1021
1022
1102
1120
1200
1201
1202
1210
1220
2001
2010
2011
2012
2021
2100
2101
2102
2110
2120
2201
2210
sum:24
240429 micro seconds
Solutoin:10656
=================================
Smart
6 micro seconds
Solutoin:0

